-1.843287561497533,0.8299380017911024,0.3409346591488205,-1.249399048538096,0.02362404890842353
-1.546548972424086,-0.7464840111597598,1.677822113520191,-2.58830219646175,0.8771112855998059
2.497253607799411,0.4436781643813191,0.6880513580160909,-0.1153101621227594,-0.3998477705760732
2.623005857331253,1.826903796697454,0.6635735386502288,2.265701249856563,2.237846353427115
0.3586609064151471,0.3410001000241081,1.484861078714911,0.1674946379806641,-1.313321416433101
0.6651777350734057,1.778548035484631,1.412046059803859,0.6822402416280166,-0.2542576511846136
0.7991544798825423,1.775381687516205,2.713318903780435,-2.211720198832056,-0.5622963220231011
-0.08609949436553994,2.474364373791834,2.72972320476264,-0.5351381774258354,-1.406155917072482
2.384263371022256,0.04187321449535677,-0.958613173477469,-1.774373926805525,1.794219817205039
2.809005034332104,1.893318375003356,1.722931130096164,-0.8241612900669303,0.2234042047836597
0.8575871839884555,-2.586752392159601,-0.4601233522360968,0.3558970861058883,-2.54989955737196
2.706898825293007,1.985130910624698,-1.882019848557861,1.953859733476834,1.862348089103711
-2.319785119211425,1.979889268276762,0.914508763872647,-1.638553384723305,0.07686795662395084
2.968285443658762,1.537239208378661,1.588411183102757,2.334865191214107,-1.540045442370031
1.92186106816511,-2.439185839947801,2.446261107126783,2.620431942819152,0.7887537975867355
-1.557023952805612,-0.8494845115213604,-0.3029721650038142,1.513405492645014,-0.1514637191424983
-1.022414033591557,-2.564436974578783,2.309102356957219,2.618204067165482,2.113079565716412
-2.078032273594418,1.525162548884316,1.596022182413432,2.768273080756108,-2.370503996018722
1.349461594484541,-1.718947076891112,-1.322579027211051,-0.5272734804137946,-2.025247217464011
-2.755756949798059,-0.4832303872603345,-1.796583177457567,1.046214352751994,1.642597965060191
2.599918107551623,0.7307009928420185,2.813243693464507,1.009764806207778,1.461892154228422
0.8742941543335541,-1.640881205555807,-2.241316737532763,2.163448813883959,-0.6914843616043044
-3.299097475713165,1.704002826283433,-0.9425547557872279,0.5104775391053142,-0.2669615695023119
0.2508453046120652,2.532378704937937,1.351937090202539,-0.3163195089452192,2.689225953257273
-2.214466626367053,-1.783062604486394,2.01064570253983,-0.7640235218846013,0.003590611563879174
-0.9649067650007807,2.862844665727465,1.535806972966038,-0.3380103400466516,-2.753331816420336
-2.358836687052546,0.8673340378713794,-0.9627866579063225,-0.5949096781703964,-2.435087959391018
2.709966446920935,0.4310038584587815,1.468489225455728,-1.520480205516184,-1.012167539706856
-2.489763329186578,1.490896505968695,1.182818971272951,2.408271419879382,2.501126537074566
1.176734929234803,0.9812857321236274,-2.693892264026823,0.5107263649591637,-0.6053168224677166
-0.2392077547283905,2.899170425765164,-0.7360704355168168,0.4523940429497388,-2.554717848849378
1.815913914671841,2.899162809439311,0.6012109965556526,-2.816881899010754,-1.992616142205642
2.293502248596702,-1.904969430136919,1.483458661754727,-0.3142865699726479,-0.08048692083749157
-2.261083247791332,1.442798930619933,0.1396447978423844,-2.908865983822746,-2.018498184192875
2.776182064519547,-0.3866593484796611,-2.843513518563417,-2.217162903911694,0.590383664257033
3.006506533399869,2.740562624762017,-0.4309419171861065,0.4951915077135594,2.166869808239478
-1.414503727829194,0.9724067093581109,1.871568997194871,-2.459875517419046,-2.346904200287492
1.532536378521689,1.685203468409197,0.3261518908895732,0.5547670608936106,-0.0924673712791928
-0.6144798907455622,-1.138583035518343,-2.230053925474316,1.825359051006426,-0.5020983470631805
-0.2387878797369182,-0.7202684228616989,-2.646984812693771,2.961671826489633,-2.468895830110928
0.4679479376244293,2.524342335523596,1.183798721919944,2.521106940604431,-1.919634861188466
-2.713269651427485,-1.889033169506825,-0.1954680846091207,-0.07588174119787353,0.4425340150115215
0.02922916122256374,-0.9117358380189029,1.772807152101158,-2.754668520487396,0.5972551003557888
0.29246510568921,-2.269379584456637,-2.314874768206846,-0.3429949900810748,0.3975038253801574
-2.432982280772891,2.117994529934002,2.121618133584984,-2.449611084594042,1.630609421774286
-2.589850898127321,-1.237321879485452,2.213073696956922,-1.123642614317386,0.47835251879588
-0.8350602900145748,2.894382706213276,-1.33465778956815,2.207527016176386,2.744881298823721
1.297368200566616,0.0873462491198044,2.870326521314409,-1.233046059016087,1.986480837034239
-1.688453090281251,1.702940892122738,-2.130958910727826,-2.695814548025708,2.498317665963119
-0.9502297670842283,2.504312277327169,1.760787246710668,-2.954199964582448,-2.102463003717058
1.365004542168386,-0.6603516814377628,-2.097915755592796,-0.5231817840739735,-0.625462872812163
